80
106
79
106
78
106
77
106
76
106
75
105
74
104
74
103
74
102
74
101
74
100
75
99
76
98
77
98
78
98
79
97
80
97
81
97
82
97
83
97
84
97
85
97
86
97
87
97
88
97
89
97
90
97
91
97
92
97
93
97
94
98
95
99
96
99
97
99
98
99
99
99
100
100
101
101
101
102
101
103
101
104
101
105
101
106
101
107
101
108
101
109
101
110
101
111
101
112
101
113
101
114
101
115
101
116
100
117
99
118
98
119
97
120
96
121
95
121
94
120
93
120
92
119
91
119
90
119
89
119
88
119
87
119
86
119
85
119
84
119
83
119
82
118
81
117
81
116
81
115
81
114
